17180276067215021
0
105
125
106
125
123
125
203
125
0
0
106
106
106
106
106
106
106
106
107
107
107
107
107
107
107
107
125
123
125
123
125
123
125
123
0
125
105
201
105
103
105
103
105
0
0
0
0
123
125
106
125
123
125
203
125
107
106
107
106
107
106
107
106
0
0
0
105
105
105
105
105
105
105
105
105
105
105
105
105
105
105
105
0
0
124
124
124
124
201
124
107
124
0
0
0
105
105
105
105
105
105
105
105
0
124
124
124
124
122
124
106
124
123
123
201
123
121
123
127
123
0
0
0
203
203
123
203
201
203
104
203
0
124
124
123
124
122
124
127
124
33903731112315446
0
106
104
104
104
106
104
104
104
121
107
105
107
124
107
106
107
0
0
106
107
106
107
108
107
106
107
105
104
103
104
107
104
103
104
0
121
106
122
106
124
106
106
106
0
0
0
0
101
105
105
105
108
105
104
105
0
0
106
105
106
105
108
105
105
105
123
124
123
124
203
124
123
124
0
104
102
106
102
107
102
102
102
201
204
123
204
106
204
203
204
106
