14812684308182757
120
4
4
4
119
4
-100
4
0
120
101
100
101
119
101
-99
101
0
102
101
102
101
101
101
-99
101
0
100
99
100
99
99
99
-100
99
0
101
99
100
99
99
99
-100
99
101
99
100
99
99
99
-100
99
101
3
102
3
100
3
-99
3
102
101
102
101
101
101
-98
101
100
100
101
100
99
100
-99
100
0
0
101
3
3
3
99
3
-100
3
101
101
100
101
100
101
-100
101
0
100
3
4
3
99
3
-100
3
0
0
0
0
0
101
4
5
4
100
4
-100
4
101
4
102
4
100
4
-99
4
0
0
0
0
0
0
0
0
100
2
3
2
99
2
-100
2
101
2
3
2
99
2
0
2
625612805975148
3
3
3
3
99
3
2
3
0
99
99
99
99
