[NN saver V0.001]
[LayerSizes]
2
10
10
1
[Weights]
-0.997497
0.127171
-0.613392
0.617481
0.170019
-0.0402539
-0.299417
0.791925
0.64568
0.49321
-0.651784
0.717887
0.421003
0.0270699
-0.39201
-0.970031
-0.817194
-0.271096
-0.705374
-0.668203
0.97705
-0.108615
-0.761834
-0.990661
-0.982177
-0.24424
0.0633259
0.142369
0.203528
0.214331
-0.667531
0.32609
-0.0984222
-0.295755
-0.885922
0.215369
0.566637
0.605213
0.0397656
-0.3961
0.751946
0.453352
0.911802
0.851436
0.0787072
-0.715323
-0.0758385
-0.529344
0.724479
-0.580798
0.559313
0.687307
0.993591
0.99939
0.222999
-0.215125
-0.467574
-0.405438
0.680288
-0.952513
-0.248268
-0.814753
0.354411
-0.88757
-0.982421
0.83758
-0.448225
-0.454207
0.175817
0.382366
0.675222
0.452986
-0.0301218
-0.589282
0.487472
-0.0630818
-0.0840785
0.898312
0.488876
-0.783441
0.198096
-0.22953
0.470016
0.217933
0.14481
-0.277322
-0.69689
-0.549791
-0.149693
0.605762
0.0342112
0.97998
0.503098
-0.308878
-0.662038
0.314615
-0.0162053
-0.872921
0.399518
0.00961333
-0.705008
0.899167
-0.716849
0.810236
0.385784
-0.393902
-0.146886
-0.859249
0.933226
0.366375
-0.693533
0.754509
0.643361
0.164098
-0.617298
-0.644215
0.634388
-0.0494705
-0.688894
0.00784326
0.464034
-0.188818
-0.44084
0.137486
0.364483
0.511704
0.443831
-0.0494095
-0.75396
-0.264382
[Biases]
0
0
0
0
0
0
0
0
0
0
0
0
0
0
0
0
0
0
0
0
0
