11529946874495121
99
99
99
99
99
99
99
99
0
100
100
100
100
100
100
100
100
99
99
99
99
100
99
99
99
100
100
100
100
100
100
100
100
99
99
99
99
99
99
99
99
100
100
100
100
100
100
100
100
100
100
100
100
100
100
100
100
100
101
101
101
101
101
101
101
100
100
100
100
100
100
100
100
100
100
100
100
100
100
100
100
99
100
99
100
99
100
100
100
100
100
100
100
100
100
100
100
101
101
101
101
100
101
101
101
0
100
100
99
100
100
100
100
100
0
99
99
100
99
100
99
99
99
0
0
100
100
100
100
100
100
100
100
101
101
101
101
101
101
99
101
101
101
101
101
101
101
99
101
99
99
99
99
100
99
99
99
0
0
101
101
101
101
100
101
101
101
0
99
99
99
99
101
99
101
99
99
99
99
99
100
99
99
99
100
100
100
100
100
100
100
100
100
101
101
101
101
101
101
101
100
100
100
100
100
100
100
100
0
99
99
99
99
101
99
101
99
99
99
99
99
100
99
100
99
11464571937115989
121
121
121
121
121
121
120
121
121
101
103
101
120
101
100
101
0
101
101
101
101
104
101
100
101
102
103
103
103
103
103
102
103
0
101
120
121
120
121
120
120
120
0
104
121
121
121
121
121
120
121
0
0
101
101
102
101
102
101
100
101
0
121
104
104
104
121
104
102
104
0
0
102
103
103
103
103
103
103
103
101
101
104
101
104
101
100
101
0
121
121
121
121
121
121
120
121
0
103
103
103
103
103
103
103
103
103
103
103
103
103
103
103
103
0
102
101
102
101
102
101
102
101
103
102
104
102
104
102
101
102
0
0
103
102
102
102
103
102
100
102
101
101
101
101
101
101
100
101
0
101
102
102
102
101
102
101
102
0
0
104
102
102
102
102
102
102
102
101
101
101
101
101
101
102
101
30815158048048548
104
102
102
102
102
102
103
102
105
104
102
104
102
104
103
104
105
104
102
104
102
104
105
104
0
0
0
104
103
102
103
102
103
103
103
0
105
103
103
103
103
103
105
103
0
0
103
102
102
102
102
102
103
102
0
103
103
102
103
102
103
104
103
104
102
104
102
104
102
105
102
0
0
104
104
104
104
104
104
106
104
103
102
102
102
102
102
103
102
103
103
102
103
102
103
103
103
0
104
104
104
104
104
104
104
104
102
102
104
102
101
102
106
102
0
0
105
105
104
105
103
105
105
105
0
0
0
0
103
103
102
103
102
103
104
103
103
102
102
102
102
102
103
102
104
103
103
103
103
103
105
103
0
0
103
104
102
104
102
104
106
104
41620525311550980
106
105
105
105
105
105
105
105
0
106
106
106
106
105
106
105
106
105
108
105
108
105
108
105
108
0
104
105
108
105
105
105
104
105
105
104
104
104
104
104
104
104
106
106
106
106
108
106
106
106
106
108
108
108
106
108
106
108
0
0
104
105
106
105
104
105
104
105
104
105
105
105
104
105
104
105
105
105
106
105
105
105
104
105
0
0
105
104
105
104
105
104
105
104
0
122
123
123
123
122
123
123
123
122
123
123
123
121
123
103
123
0
0
0
123
123
123
123
123
123
123
123
0
124
124
124
124
124
124
124
124
124
124
124
124
124
124
124
124
0
0
0
120
120
120
120
122
120
122
120
106
106
106
106
105
106
105
106
106
107
107
107
122
107
122
107
0
0
105
106
106
106
109
106
105
106
6788805427251
100
99
99
99
99
99
99
99
101
99
99
99
99
99
99
99
0
100
99
99
99
99
99
99
99
0
100
99
4
99
98
99
99
99
100
3
3
3
4
3
3
3
101
99
99
99
99
99
99
99
100
99
99
99
99
99
99
99
0
0
0
0
100
3
3
3
2
3
3
3
100
100
5
100
98
100
100
100
0
101
99
99
99
5
99
99
99
100
4
99
4
4
4
4
4
100
3
2
3
3
3
3
3
101
100
5
100
4
100
100
100
100
4
3
4
2
4
4
4
100
3
4
3
4
3
3
3
100
99
100
99
4
99
3
99
100
3
3
3
2
3
3
3
0
100
3
2
3
2
3
3
3
100
3
3
3
3
3
3
3
100
3
4
3
3
3
99
3
